ep-20250302184817-nv9t8_8-word_puzzle_level4: 0.14524231324231324
gpt-4o-2024-11-20_8-word_puzzle_level4: 0.19995543345543346
gemini-2.0-flash-001_8-word_puzzle_level4: 0.249989565989566
claude-3-7-sonnet-20250219_8-word_puzzle_level4: 0.23726323676323674
